side_grasp:
config.base_config = np.array([[ -1.0,              0.0,              0.00000000e+00, -0.949954307], [  0.0           ,  -1.0,              0.00000000e+00, -0.741731201], [  0.00000000e+00,   0.00000000e+00,   1.00000000e+00, 2.68220901e-07], [  0.00000000e+00,   0.00000000e+00,   0.00000000e+00, 1.00000000e+00]])
config.arm_config = np.array([-1.69      ,  1.0,  1.72142031, -0.97487232,  1.53762547])


right_and_back_right:
config.base_config = 
array([[  8.77582562e-01,   4.79425539e-01,   0.00000000e+00,
         -1.30000000e-01],
       [ -4.79425539e-01,   8.77582562e-01,   0.00000000e+00,
         -3.28000000e-01],
       [  0.00000000e+00,   0.00000000e+00,   1.00000000e+00,
          2.68220901e-07],
       [  0.00000000e+00,   0.00000000e+00,   0.00000000e+00,
          1.00000000e+00]])
arm_config = 
 array([-2.285     ,  1.23454948,  1.64326867, -1.30702183,  1.57079633])


drc4: youbotenv.MoveArm('drc4', [0.,  1.3,   0.05, 0.,  -1.5]
np.array([[ 0.999953  ,  0.00969547,  0.        , -0.78416859],
          [-0.00969547,  0.999953  , -0.        ,  0.01660606],
          [-0.        ,  0.        ,  1.        ,  0.        ],
          [ 0.        ,  0.        ,  0.        ,  1.        ]])

