1.37697414854 2.09462285346 0.260658815745
1.37673568342 2.09477626206 0.260326095932
1.37670292235 2.09469817773 0.260262976494
1.37666474123 2.09444852997 0.259990800158
1.37626570564 2.09444893217 0.259910348766
1.37599200501 2.09457251862 0.259754545938
1.375964129 2.09456061522 0.259871358066
1.37580901774 2.09428986249 0.260063671144
1.37570648509 2.09387786671 0.260018236206
1.37557859724 2.09342905808 0.259765147763
1.37573647683 2.09288933086 0.259906731494
1.37560535711 2.09252786266 0.259622287899
1.37506392179 2.09227605838 0.259017659519
1.37499163272 2.09203199318 0.258968489719
1.37537514438 2.09152082797 0.259594053463
1.37526834948 2.09110411493 0.259461361918
1.37486977175 2.09118054503 0.259555753326
1.37479061525 2.09091304957 0.259813738328
1.37468616454 2.09064975145 0.260189979765
1.37459713168 2.09033593413 0.260159332064
1.37454273276 2.09017092315 0.260387028615
1.37463030344 2.08993850384 0.260929613696
1.3745282154 2.0897982127 0.260747831266
1.374489653 2.08945149158 0.260492001232
1.3743680785 2.08907193057 0.260330889769
1.37407233674 2.08911097491 0.260242869675
1.37405040611 2.08909333357 0.260362490967
1.37412855512 2.08872704261 0.260694688167
1.37400359214 2.08842295915 0.260913137624
1.37369946423 2.08807302763 0.260757508018
1.37345228832 2.08797866083 0.261326058617
1.3730563102 2.08796458745 0.261939255157
1.37275443753 2.08779503638 0.261984708682
1.37234613893 2.08737692116 0.261702047872
1.37213172464 2.08707438075 0.26202423241
1.37205436382 2.08675800678 0.26196897192
1.37187364566 2.08628696701 0.261228065221
1.3717644083 2.08586912052 0.260526068529
1.37170319943 2.08554930648 0.259985983351
1.37156366072 2.08514901366 0.259628152849
1.37130467493 2.08495453791 0.260008268874
1.37100121569 2.08490178379 0.259964129213
1.37051981238 2.08498975923 0.260083299441
1.36971968783 2.08508128906 0.260336178841
1.36960561177 2.08480858603 0.260539417034
1.36960157201 2.0843358924 0.260916615106
1.369393646 2.08421532072 0.261267511602
1.36933962581 2.08394492258 0.26207896091
1.36912162184 2.0837089428 0.26190696896
1.36911675105 2.08321672311 0.261792149014
1.36859548235 2.08305500621 0.261939501998
1.36772479885 2.08337162808 0.261388320043
1.3675479196 2.08304918816 0.260826868141
1.36748674253 2.08276687727 0.260414678936
1.3675322152 2.08248928429 0.260376430108
1.36747325255 2.08237353266 0.261016854683
1.36710844805 2.0821629604 0.261376107975
1.36676999862 2.08187916213 0.261699327446
1.36650438297 2.08151711578 0.262019644974
1.36589010164 2.08139965528 0.262367664977
1.36588081987 2.08124391578 0.262344808784
1.36580541271 2.08093273361 0.262482645359
1.36535056384 2.08076647463 0.261768836572
1.36509081432 2.08054056534 0.261377748734
1.36496373206 2.08032239078 0.261397457451
1.36455657242 2.07990615689 0.261435237485
1.3640588675 2.07980981254 0.26155359759
1.36362698679 2.07976959926 0.261662278154
1.36349126629 2.07966572691 0.261931887051
1.36350945708 2.07935049243 0.262385946793
1.36342685195 2.07904405798 0.262530933405
1.36331690276 2.07927863114 0.262815507131
1.36331563115 2.0794161842 0.263647105286
1.36351731981 2.07951525005 0.264277535761
1.36325231937 2.07963263137 0.264134058313
1.36289486955 2.07932018146 0.263674253572
1.36231034782 2.07919378765 0.264106417539
1.361943006 2.07922679342 0.264475447218
1.36177219991 2.07896560415 0.264219679944
1.36167687046 2.0785341356 0.264025598779
1.36173531148 2.07811664611 0.263902784043
1.36168260092 2.07788926168 0.26356924232
1.36157056343 2.07751447845 0.263265924852
1.36140468716 2.07708842474 0.262944608457
1.36088535889 2.07712351738 0.262871986123
1.36061349829 2.07694487272 0.262852235085
1.36021016063 2.07679889745 0.263120045109
1.3598732304 2.07676931325 0.26304794478
1.35972478392 2.07693628648 0.263692320726
1.35961406776 2.07694403587 0.264074034465
1.35955428859 2.07667835317 0.263976500644
1.35942867328 2.07660912546 0.264462496579
1.35941716927 2.07657207322 0.26460990211
1.35955803564 2.07616201606 0.264145070699
